請按任意鍵繼續 . . . 
請按任意鍵繼續 . . . 
object bench.obj
1344
observer 10 10 -10 0 0 0 0 1 1000 10

M Matrix
1, 0, 0, 0
0, 1, 0, 0
0, 0, 1, 0
0, 0, 0, 1

V Matrix
-0.707107, 0, -0.707107, 0
-0.408248, 0.816497, 0.408248, 0
-0.57735, -0.57735, 0.57735, 17.3205
0, 0, 0, 1

P Matrix
1, 0, 0, 0
0, 1, 0, 0
0, 0, 0.176503, -0.176503
0, 0, 0.176327, 0

請按任意鍵繼續 . . . 
viewport -.5 .5 -.5 .5
display
observer -10 10 10 0 0 0 0 1 1000 10

M Matrix
1, 0, 0, 0
0, 1, 0, 0
0, 0, 1, 0
0, 0, 0, 1

V Matrix
0.707107, 0, 0.707107, 0
0.408248, 0.816497, -0.408248, 0
0.57735, -0.57735, -0.57735, 17.3205
0, 0, 0, 1

P Matrix
1, 0, 0, 0
0, 1, 0, 0
0, 0, 0.176503, -0.176503
0, 0, 0.176327, 0

請按任意鍵繼續 . . . 
display
observer 2 2 -2 0 0 0 0 1 1000 10

M Matrix
1, 0, 0, 0
0, 1, 0, 0
0, 0, 1, 0
0, 0, 0, 1

V Matrix
-0.707107, 0, -0.707107, 0
-0.408248, 0.816497, 0.408248, 0
-0.57735, -0.57735, 0.57735, 3.4641
0, 0, 0, 1

P Matrix
1, 0, 0, 0
0, 1, 0, 0
0, 0, 0.176503, -0.176503
0, 0, 0.176327, 0

請按任意鍵繼續 . . . 
請按任意鍵繼續 . . . 
