請按任意鍵繼續 . . . 
請按任意鍵繼續 . . . 
reset
rotate 50 60 220
-0.383022, 0.642787, -0.663414, 0
0.456826, -0.492404, -0.740843, 0
-0.802872, -0.586824, -0.10504, 0
0, 0, 0, 1

object cube.obj 
36
reset
translate 0 1 0
1, 0, 0, 0
0, 1, 0, 1
0, 0, 1, 0
0, 0, 0, 1

rotate 50 60 220
-0.383022, 0.642787, -0.663414, 0.642787
0.456826, -0.492404, -0.740843, -0.492404
-0.802872, -0.586824, -0.10504, -0.586824
0, 0, 0, 1

object cube.obj 
36
reset
translate 1 0 0
1, 0, 0, 1
0, 1, 0, 0
0, 0, 1, 0
0, 0, 0, 1

rotate 50 60 220
-0.383022, 0.642787, -0.663414, -0.383022
0.456826, -0.492404, -0.740843, 0.456826
-0.802872, -0.586824, -0.10504, -0.802872
0, 0, 0, 1

object cube.obj 
36
reset
translate 0 0 1
1, 0, 0, 0
0, 1, 0, 0
0, 0, 1, 1
0, 0, 0, 1

rotate 50 60 220
-0.383022, 0.642787, -0.663414, -0.663414
0.456826, -0.492404, -0.740843, -0.740843
-0.802872, -0.586824, -0.10504, -0.10504
0, 0, 0, 1

object cube.obj 
36
## 2
reset
translate 0 0 2
1, 0, 0, 0
0, 1, 0, 0
0, 0, 1, 2
0, 0, 0, 1

rotate 50 60 220
-0.383022, 0.642787, -0.663414, -1.32683
0.456826, -0.492404, -0.740843, -1.48169
-0.802872, -0.586824, -0.10504, -0.210081
0, 0, 0, 1

object cube.obj 
36
reset
translate 2 0 0
1, 0, 0, 2
0, 1, 0, 0
0, 0, 1, 0
0, 0, 0, 1

rotate 50 60 220
-0.383022, 0.642787, -0.663414, -0.766045
0.456826, -0.492404, -0.740843, 0.913652
-0.802872, -0.586824, -0.10504, -1.60574
0, 0, 0, 1

object cube.obj 
36
reset
translate 0 2 0
1, 0, 0, 0
0, 1, 0, 2
0, 0, 1, 0
0, 0, 0, 1

rotate 50 60 220
-0.383022, 0.642787, -0.663414, 1.28557
0.456826, -0.492404, -0.740843, -0.984808
-0.802872, -0.586824, -0.10504, -1.17365
0, 0, 0, 1

object cube.obj 
36
reset
translate 0 1 1
1, 0, 0, 0
0, 1, 0, 1
0, 0, 1, 1
0, 0, 0, 1

rotate 50 60 220
-0.383022, 0.642787, -0.663414, -0.0206267
0.456826, -0.492404, -0.740843, -1.23325
-0.802872, -0.586824, -0.10504, -0.691865
0, 0, 0, 1

object cube.obj 
36
reset
translate 1 0 1
1, 0, 0, 1
0, 1, 0, 0
0, 0, 1, 1
0, 0, 0, 1

rotate 50 60 220
-0.383022, 0.642787, -0.663414, -1.04644
0.456826, -0.492404, -0.740843, -0.284017
-0.802872, -0.586824, -0.10504, -0.907913
0, 0, 0, 1

object cube.obj 
36
reset
translate 1 1 0
1, 0, 0, 1
0, 1, 0, 1
0, 0, 1, 0
0, 0, 0, 1

rotate 50 60 220
-0.383022, 0.642787, -0.663414, 0.259765
0.456826, -0.492404, -0.740843, -0.0355779
-0.802872, -0.586824, -0.10504, -1.3897
0, 0, 0, 1

object cube.obj 
36
viewport -.8 .8 -.8 .8
observer 5 5 5 0 0 0 0 .1 1000 15

M Matrix
-0.383022, 0.642787, -0.663414, 0.259765
0.456826, -0.492404, -0.740843, -0.0355779
-0.802872, -0.586824, -0.10504, -1.3897
0, 0, 0, 1

V Matrix
0.707107, 0, -0.707107, 0
-0.408248, 0.816497, -0.408248, 0
-0.57735, -0.57735, -0.57735, 8.66025
0, 0, 0, 1

P Matrix
1, 0, 0, 0
0, 1, 0, 0
0, 0, 0.267976, -0.0267976
0, 0, 0.267949, 0

請按任意鍵繼續 . . . 
請按任意鍵繼續 . . . 
